-0.79026933855961 0.04435638184712 -1
-0.0046502060692371 -0.22669129694549 -1
0.24240793852364 -0.26303411630409 -1
-0.56461537366209 0.81577567005784 -1
0.93686450352566 -0.17189424632559 -1
0.34436547338208 -0.63925837575313 -1
-0.16236170393848 0.7673666180369 -1
0.88333993708122 -0.24637640801569 -1
0.28022731494765 -0.060511625440182 -1
-0.43183575858726 -0.38805317710399 -1
0.33694053279352 -0.031498933623199 -1
-0.40088535203595 0.67735876015389 -1
-0.58098573912519 0.4707991276491 -1
-0.93919529807441 -0.30672389875585 -1
0.84042846124843 0.1943196499807 -1
0.26783910635066 0.67881518555336 -1
-0.9877255937209 -0.71859937459104 -1
0.45240675639135 0.66497444834475 -1
0.15876353185037 -0.96344776731055 -1
-0.93789616483392 -0.72767765040013 -1
0.69610592078964 -0.14567139673853 -1
0.54566869978912 -0.49035057285257 -1
-0.20964141669117 0.5219064646926 -1
-0.49986709073795 -0.76781546343197 -1
-0.94289315772192 -0.82466187355292 -1
-0.72196867878856 0.83382906880649 -1
-0.083742447531339 0.74653905124513 -1
0.2626309894813 0.89453881350476 -1
-0.67259510490393 -0.3861464743521 -1
-0.51748872740373 0.56672523995265 -1
0.3477318743661 -0.095217199383778 -1
-0.20414562343986 0.96052616867785 -1
0.9389219437721 0.13494936208091 -1
0.641991577152 -0.6825781880496 -1
-0.35951515291911 0.67663628700488 -1
-0.56470937008675 0.038614118247802 -1
0.78668632462691 0.34999160065206 1
-0.51937916467241 -0.55894511435909 -1
-0.37620052566821 -0.21384238275546 -1
-0.94896505644072 0.0060917150612521 -1
0.26579425451568 0.73212586136096 -1
0.12999100950818 0.5261031320545 -1
0.054775192786781 0.39201805830655 -1
-0.91303219256515 0.67395168965412 -1
0.69438071545474 -0.90007554492645 -1
0.54671387438688 0.56263005797273 -1
-0.95457587967741 -0.39778199673577 -1
-0.31456688317422 0.55349558490284 -1
-0.34042722637109 -0.28559986717403 -1
0.96763579813652 0.53156801415705 -1
0.5788932870752 0.15069379332474 1
0.20662391582305 0.12706490643504 -1
-0.3715485958465 -0.71978909468043 -1
0.74143359098085 -0.9665580791369 -1
0.91556231494239 0.6907845189744 -1
0.84597297633681 -0.19408860235187 -1
-0.87784446841605 -0.68419037965367 -1
0.98404679533893 0.10732451453415 -1
0.93914147628275 0.92201577626832 -1
-0.50684518615584 0.82975238857871 -1
-0.88418973457998 0.73656517185785 -1
-0.047118395383867 -0.48816780074884 -1
-0.38473098114453 0.11992191131509 -1
0.82583719105592 0.79795701094273 -1
0.77565146636288 -0.61680889748868 -1
-0.10842765992766 -0.68052714060849 -1
-0.70138439009853 0.29297729087897 -1
-0.4491540672606 0.72440528200786 -1
-0.24956687117576 0.39349329052031 -1
-0.20833306037907 -0.16672073995929 -1
0.46547816115584 -0.66904901349705 -1
0.1744370612889 -0.25667312737753 -1
-0.54211135975286 0.45732023787035 -1
0.47630076393503 0.18367870917982 1
0.42343072192739 -0.13003948431912 -1
-0.31987186698603 -0.12597715086259 -1
-0.29770967825723 -0.86992953142408 -1
-0.91176557057762 0.76173762295493 -1
0.42849185648527 -0.16679308536979 -1
0.22546378542745 -0.61421763081002 -1
-0.2014924334053 -0.20782603698334 -1
-0.81508943134948 -0.8157234322551 -1
0.47387406915976 -0.33785094427854 -1
-0.68370836348528 0.6134899132423 -1
-0.58464809463359 -0.92392796915846 -1
0.35858295084731 -0.28309154874001 -1
0.032655718332115 0.034415766489581 -1
-0.32810214546372 0.12355985756386 -1
-0.44562560179772 0.17955932769229 -1
0.011925652158437 -0.8090875444101 -1
-0.20423013551088 0.26451182138827 -1
0.5832325575266 -0.16599339602917 -1
-0.12608803190816 0.2970578134725 -1
0.28313756646648 -0.71705530645633 -1
0.66141905309346 -0.53533568135842 -1
0.68096293283463 -0.83476951760441 -1
0.72449141750845 0.37461445199168 1
-0.045242236372054 0.13215391860614 -1
-0.95229309063609 0.94356286810047 -1
-0.50314091035685 -0.14757793666407 -1
-0.54752192788617 -0.98552640550407 -1
-0.93594141724455 -0.35975971655118 -1
0.94204033456466 0.61395667422638 -1
-0.16421182658704 0.38819832099668 -1
-0.46127064437874 -0.96736030667279 -1
0.28633310671434 0.17177464916031 -1
-0.68050846174124 0.4312469780587 -1
-0.19108248454188 -0.15269906282146 -1
-0.33807099582298 0.20213092319504 -1
0.67663592320671 0.71302396438065 -1
-0.35385401271728 0.44270348686402 -1
0.72927790856678 -0.013680127348166 -1
0.95026643310333 0.028477785460731 -1
0.89405288757657 -0.93603126410364 -1
0.024357074626457 -0.39582328938029 -1
0.2737280036993 -0.79278118892378 -1
0.57262321244335 -0.66676754340378 -1
-0.75362263327169 -0.44351725789 -1
-0.099351494211347 -0.61762136902407 -1
0.45502971468405 -0.91580699920415 -1
-0.98699442379415 -0.33860380380207 -1
-0.012094790447502 0.74539871097538 -1
-0.15408071214249 0.50403627700122 -1
-0.012515021411136 -0.86929328988157 -1
-0.92714623084384 -0.015230126337535 -1
-0.29164608299855 -0.60085378695841 -1
0.15206158459688 0.85899459654502 -1
-0.56530977207707 -0.81150922578251 -1
-0.24717341591032 0.3100440604059 -1
0.57539984107709 -0.62364284899788 -1
0.74568204214924 0.54008538289589 -1
-0.44452757012121 0.1175536444252 -1
-0.15128459432215 -0.4891012221557 -1
-0.32004887345487 0.62216358152849 -1
0.73041891232955 0.86231833371828 -1
-0.38737511085178 -0.27451902819 -1
-0.31525637244841 0.11148896704976 -1
-0.17334149244597 -0.39957209776117 -1
0.38647359961677 0.32446473966687 -1
-0.41040326684477 0.55030487372881 -1
0.17936182767134 0.94451052790738 -1
-0.53445006413276 -0.52178921889122 -1
0.21806691487334 0.42305334546993 -1
0.9843342506417 -0.16858357024047 -1
0.59621412467159 0.0120967181201 -1
0.36661604783492 0.37305679655863 -1
-0.99811057271606 -0.58695109911358 -1
-0.86413709526282 -0.16575016921122 -1
-0.98065786613803 -0.25561523733313 -1
-0.7617301338266 0.11367454066868 -1
-0.34173778424301 -0.84210690381598 -1
0.73726677780377 0.37861414122726 1
-0.28674883154887 0.079382399633044 -1
0.69789956746016 0.24079998743938 1
0.032630106986816 0.47811403002457 -1
-0.16786872959094 0.69214271412334 -1
0.68715242487649 -0.23872053314626 -1
0.49485568107415 0.52846407632946 -1
-0.80663028403761 -0.78334001568919 -1
0.30040517566026 -0.66672072456476 -1
-0.10638369759142 -0.064770653890613 -1
-0.4383168659414 -0.39047059599158 -1
-0.90684341908142 -0.57547030716173 -1
-0.49164286616622 0.11790060008783 -1
-0.66112926231752 0.36330514786709 -1
-0.67372838507687 0.020627215977447 -1
-0.96971878128753 0.92288691117945 -1
0.116580816923 0.097764229368049 -1
0.064438310997246 0.93515475568145 -1
-0.7763922917716 -0.10362095478166 -1
-0.44196741181794 0.59830958750391 -1
0.12189555573726 0.86857092981423 -1
-0.47650533897237 0.86325695872661 -1
0.75050167889276 -0.32998182564537 -1
0.71690593562636 0.75730189762463 -1
0.72454532819222 0.77999480214358 -1
-0.17314620039752 0.18413265653934 -1
-0.59951149681541 -0.17113545722754 -1
0.976769062741 -0.97122975100078 -1
0.83142968490252 0.24924841128504 -1
-0.49254771612069 0.67734657102584 -1
0.15593358975252 0.47490259367151 -1
-0.3055806648366 0.72511797281311 -1
0.51887383752657 0.32049842911344 -1
0.80880370223385 -0.71163018901425 -1
-0.11451024416151 -0.80073495416449 -1
-0.2660159182268 0.1291190765329 -1
0.44225454767946 -0.38843744308239 -1
0.43655060935543 0.86569139256373 -1
-0.4069537377543 -0.52033348303818 -1
0.99035516879788 -0.8948413884352 -1
-0.36288613547635 0.076741680140595 -1
-0.11860153539923 0.9372247103118 -1
-0.84842723163169 0.19392246469355 -1
0.12879461161443 0.5241693933072 -1
0.6571268184429 0.20031021220559 1
-0.26335570753646 -0.23189040617089 -1
0.2186375640597 -0.82752924057567 -1
0.70513589463092 -0.44378227269765 -1
-0.23660378067266 -0.39482129476856 -1
0.80597782657847 0.60261145465513 -1
0.34503156179015 -0.40861937592057 -1
0.41584768740938 0.90523368468785 -1
-0.25906658649623 -0.15364779802052 -1
0.12521398439093 0.17644394992827 -1
0.14455753532626 -0.56265646586666 -1
-0.98045594131932 0.71521350744333 -1
-0.17539778079472 0.61103482485548 -1
-0.14166081060661 0.41170698494553 -1
0.880923612175 -0.41763526072828 -1
-0.68168874787634 0.21871721022346 -1
0.5747703855331 -0.34712074809865 -1
0.99516134080102 -0.46391950511424 -1
-0.41784092938711 -0.12933047304934 -1
0.57991526852806 -0.62842065754923 -1
0.027020431982507 0.94154437200178 -1
-0.79286041843893 0.69231800417575 -1
-0.61021425054593 0.0081711627323916 -1
-0.32075179725194 0.060399223634712 -1
-0.71374079157261 0.37277553905657 -1
0.98726306668326 -0.1589095062471 -1
-0.51614995778293 0.17316315800618 -1
-0.40141370347675 -0.83874462706884 -1
-0.45992904917632 -0.73771115292919 -1
-0.29003901659833 0.20341076100615 -1
0.92475001673413 -0.21823781575548 -1
-0.28300926191099 0.50817184052929 -1
0.72122944436522 -0.28154030321151 -1
-0.423736564147 0.055743274015849 -1
0.49424932822131 -0.88288140066125 -1
-0.085046151029012 0.51622698095915 -1
-0.54393412445333 -0.7719279210012 -1
0.018561657609767 0.47118713759584 -1
-0.8189856759393 0.13954995202022 -1
-0.054010454826207 0.83856590455585 -1
0.69357627063842 0.85313225870751 -1
0.73109770507985 -0.63680227112738 -1
0.18956197802914 0.90244314078231 -1
-0.22200220815634 -0.85737532551942 -1
0.7858834909365 -0.21243172106689 -1
-0.01063834853982 -0.3139873367201 -1
-0.98348018563012 -0.13521660194618 -1
-0.17350314699661 -0.31267193422984 -1
-0.12268475793764 0.18498591244291 -1
-0.75780490938066 0.29767543642342 -1
-0.54703060676244 0.0467631452961 -1
-0.28221750511264 0.86016774159294 -1
0.58949650471615 0.20701233213926 -1
-0.25813085318455 0.0046176214688185 -1
0.59509152662749 0.94428029726083 -1
0.74177913104661 -0.49104375641455 -1
-0.40206735187582 -0.50538854060712 -1
-0.040783046761521 -0.43070809761072 -1
-0.93595944533405 -0.82373638392716 -1
0.22238469539012 0.42701373704685 -1
-0.22049884540098 0.59391040911714 -1
0.68624119509259 -0.46886855560608 -1
0.64601976238861 0.8771640630087 -1
-0.56219275691135 0.29673334681245 -1
0.43957043481482 -0.38589237693742 -1
-0.91750760513839 -0.28278778848931 -1
0.86240885356078 0.28572857911139 -1
0.38925193282337 0.22973911346827 -1
0.085431687408754 -0.67432135194323 -1
-0.42198821710438 0.089652378110847 -1
0.85772307612231 -0.045009680860061 -1
-0.091219141651749 0.028591237611081 -1
0.50722058142346 0.63253547761684 -1
0.67660610072365 0.60706180410612 -1
-0.89025652567632 0.90569211875886 -1
-0.95170044616987 0.69889810313955 -1
-0.38186923527324 0.48739867361999 -1
-0.60825669311829 -0.28365240653773 -1
0.9452090499684 0.53750460858748 -1
0.34551897672612 -0.48239090972328 -1
0.99423231157751 -0.70466270224367 -1
0.66288362814269 0.96665061759201 -1
-0.69554972871242 0.18080208937157 -1
0.86372243833313 0.92166616313878 -1
-0.60569944305853 -0.2157645565527 -1
0.36771819949904 -0.057319565268781 -1
0.89280596589879 0.45430928564759 -1
-0.5096925888848 0.94007971528744 -1
0.026116433793834 -0.082424972997827 -1
-0.21132326357117 0.97236744721773 -1
-0.42810120804618 -0.54379254903896 -1
-0.96604211808802 -0.16282447817829 -1
-0.17718853857044 0.75166090258705 -1
0.57368147745704 0.9937250377641 -1
-0.16442152839179 -0.67327403950576 -1
0.90846636522927 0.18638192578784 -1
-0.57188555885973 0.33392659492958 -1
-0.043151226573613 0.46606034901321 -1
0.49456294447408 -0.68782537760769 -1
0.3908923275886 -0.4561132973006 -1
-0.83290493880202 -0.79838489731846 -1
-0.19915062082013 0.86263106222082 -1
0.93082837260941 0.043025851112909 -1
-0.9353788319619 -0.72459382634202 -1
-0.66622241813031 0.56531516906503 -1
0.53159187413212 0.241208817247 -1
0.97034435358832 -0.65262095996158 -1
-0.96995011026119 0.3399415829483 -1
0.22124010969567 0.49992545835039 -1
0.02745518346294 0.18364870305963 -1
-0.98032223646879 0.01408141031117 -1
-0.10975236468773 0.9730493006378 -1
-0.26247109985668 0.24386921946044 -1
-0.87388396834722 0.61758172532459 -1
-0.76057304062578 0.57532761480168 -1
0.64450284112069 0.6647982493491 -1
-0.65779786826182 0.97304250156398 -1
-0.56873131054836 -0.31490231692928 -1
-0.78502883485362 -0.69240288891765 -1
-0.62290179890412 -0.86510413510587 -1
-0.77773050898986 -0.49730464942436 -1
-0.48141887189425 0.9405861240552 -1
0.67677315905383 -0.15675931295801 -1
0.9653744491297 -0.5640687127658 -1
0.40004231384264 -0.092803483273326 -1
-0.046598806909329 0.99312010322752 -1
-0.93336634418286 0.98248176163106 -1
0.65495150790456 0.53147394916933 -1
0.67521468885782 -0.58352045957471 -1
0.22546771037884 0.93399883993046 -1
0.23087065073757 -0.50311217039224 -1
0.97560238616046 0.82643747705632 -1
0.36968238593746 -0.086981960921287 -1
-0.76863469183556 0.7752344919921 -1
0.27676055056048 -0.93975106901375 -1
-0.68728792464259 -0.2365216292026 -1
-0.91344789206158 0.0030045851855423 -1
0.19625689124361 -0.20243464981978 -1
-0.10352654172009 -0.068009877774243 -1
0.22986470600014 0.68068194327265 -1
0.50617682273733 0.56687017028308 -1
0.83170739064475 -0.064695333906243 -1
-0.73946731049151 -0.17773215488353 -1
-0.68473754751004 -0.33812061937347 -1
0.91336660286332 -0.18261882640302 -1
-0.42249959668653 0.86457273391337 -1
-0.65741509659817 0.51464964218432 -1
0.67885025557029 -0.216529954097 -1
-0.80379934978874 0.94401415389065 -1
0.046652376609494 -0.1667170053663 -1
-0.85177241263264 -0.95766474238318 -1
-0.71883065396041 -0.48602914306264 -1
0.72570983815104 0.34730627564922 1
0.13405856388453 -0.62858266269906 -1
-0.76540036185192 0.23398283741611 -1
-0.1511785684106 0.02817902553271 -1
0.25851190547169 0.71061388509618 -1
-0.20547807600964 0.92591864621513 -1
0.38211912598419 0.283500507318 -1
0.81088363160392 0.032532498424912 -1
-0.62792536076926 -0.9309026190804 -1
0.36350321525588 -0.83573350663754 -1
-0.17583160719747 0.7234086805826 -1
0.60425759744313 -0.31064219371233 -1
0.54240210921268 -0.37569365113808 -1
0.65359614464362 -0.25186963927621 -1
-0.49492838920272 -0.56637257799273 -1
0.013905769346482 -0.51047485445482 -1
0.41858881702585 0.0096135179329263 -1
0.065248861363821 -0.79806613590221 -1
0.83010723199282 -0.73758200864609 -1
0.29698271439522 0.63229552697267 -1
-0.68278054324454 -0.9297392565065 -1
-0.22492223184017 0.21977059191834 -1
-0.82638100587439 -0.34543709184063 -1
0.13953131356238 0.092947420530834 -1
0.29624892315083 -0.13870143801489 -1
-0.46171592677289 -0.40971760732474 -1
-0.13698678653618 0.4791191210857 -1
-0.085548284284878 0.49631072314452 -1
-0.8653507090012 -0.53273437390865 -1
-0.90812557214302 -0.80895068465615 -1
-0.52078953229995 -0.0062849709617851 -1
-0.40209738410778 -0.89748698572658 -1
0.084584408844452 -0.7327397554351 -1
0.63118505013575 -0.27602527860432 -1
-0.27819388028665 -0.84406436695013 -1
0.32355057485162 -0.30982188233633 -1
0.04205572917184 -0.87677522613643 -1
-0.70353973626793 0.72504039330542 -1
-0.73880298991641 0.83600889186524 -1
-0.080420348701082 0.47582073247371 -1
0.25243097947983 -0.46578161501645 -1
-0.5002244935855 0.24411088864349 -1
0.92985563293519 -0.57067346912423 -1
-0.38931063588894 0.95631882953769 -1
0.48141899817004 -0.069673424737602 -1
0.38271773876726 0.7388138878984 -1
0.65314965490062 -0.41627155003378 -1
0.1662166451423 -0.84110450451756 -1
0.031262111500098 0.66658684083085 -1
0.75281246243569 0.90367973357192 -1
-0.23401372212473 0.97089881880913 -1
0.4190525266505 0.79755525701363 -1
0.48034077883932 -0.98911713059301 -1
-0.21814779356366 0.83097763970771 -1
-0.83385546528317 0.30618485019836 -1
0.82497340820338 0.13691586303478 -1
-0.050977164091264 0.93487947578052 -1
-0.80210078159639 0.64725448105545 -1
0.024648532645162 0.92314635040689 -1
0.14820014432201 -0.46544137833434 -1
0.8061910572552 -0.80388367622301 -1
-0.16820287817613 -0.69434529376759 -1
-0.43414154133604 0.038311211354044 -1
0.97888018358079 -0.26163592219638 -1
0.021441020037762 0.073799945719422 -1
-0.14498730845904 -0.9520661165195 -1
-0.10728482413545 -0.12048216700834 -1
-0.90104400357912 0.34867357760209 -1
-0.0086901638617572 0.43567552343754 -1
0.20659647987119 -0.50828280320572 -1
-0.55947514901318 -0.16638808123322 -1
-0.38274845902001 -0.76535669740635 -1
0.55358530975069 -0.898093383769 -1
0.52162468324668 -0.6277132272503 -1
-0.38742498062928 0.479914920491 -1
0.97619034214089 -0.73893036497302 -1
-0.83091089455628 -0.091476384633003 -1
-0.31133886966238 0.78489811210742 -1
0.62724282224667 -0.19897868788519 -1
0.37757587876511 0.55672960185432 -1
-0.80671796642783 0.17082778516327 -1
0.71195848971178 0.42983008676217 1
0.85813976671039 -0.017036329845886 -1
-0.12732699101727 0.6756827446097 -1
0.75564717327559 0.3280695737451 1
-0.07554321030558 0.53628445775914 -1
-0.012779104200812 0.7867699083951 -1
-0.22302673861289 -0.55532603650706 -1
0.21914862027497 -0.84493699626863 -1
0.81857653642463 -0.92186165262405 -1
0.51513643999254 0.77040707154149 -1
0.18796244946202 -0.41919248712921 -1
0.42499361678019 -0.60357925830449 -1
-0.023711365909976 -0.99833471268667 -1
-0.095263158610529 -0.37673190076771 -1
0.76805187766882 -0.78691812762068 -1
-0.75138864150239 -0.48133041919385 -1
0.68904128906722 -0.29026945181496 -1
0.75351771155878 0.74984865390353 -1
0.95707096151074 -0.63360793483068 -1
-0.18980528998028 0.38737539083407 -1
-0.07662594741395 -0.94870291501927 -1
-0.066038006032578 0.90319841452334 -1
0.57944694636572 -0.52310171107866 -1
0.66001798240713 -0.94254534098025 -1
-0.23488609990198 0.1354610685329 -1
-0.72428218604559 0.26980680751309 -1
0.99452373800797 -0.13142222034288 -1
-0.1079627006323 0.63659135376252 -1
0.26216818225606 0.72083629770639 -1
0.31949764108775 0.41000811766647 -1
-0.81827745628943 0.4986274798232 -1
-0.045404429626922 -0.47481441471909 -1
0.74117686081259 -0.91331988768599 -1
0.41145710902592 -0.78877640954194 -1
-0.23973111137917 -0.13767099010255 -1
-0.39948378618425 -0.74472775757378 -1
-0.43093360074927 0.49312692063352 -1
0.14141505616265 0.75306536051427 -1
0.45662291459195 0.29759789117114 1
0.29357931902704 0.67496080338494 -1
-0.99532311940585 0.86806340371807 -1
-0.77599104081899 0.94220147565234 -1
-0.940394557383 -0.82856043917901 -1
-0.76001989162993 -0.46425922420424 -1
0.82460176545362 -0.14765936969117 -1
0.50069971690719 -0.69528580501052 -1
0.83326360251487 -0.84964300637656 -1
0.77120890795575 -0.80482115415025 -1
0.59535387499703 0.51743806956949 -1
0.73781275318879 -0.91867107350651 -1
0.13943894797746 -0.37329922772908 -1
-0.3841949810995 -0.68484153034595 -1
-0.94977141537203 0.75478119447525 -1
0.8801653520993 -0.95932857201124 -1
-0.93618742635024 -0.082435087267793 -1
-0.85452027532821 0.0086778020975222 -1
0.021499891236382 0.62997398110121 -1
-0.93502118839533 -0.11976735027647 -1
0.87471946746596 -0.46402204982535 -1
-0.00078138701691071 0.26948881827775 -1
0.0159624516223 -0.90360914821466 -1
0.7478141235329 0.085020141346691 -1
-0.8488972994782 -0.41084954533169 -1
-0.11326216546206 0.58023961483394 -1
-0.30206050758984 0.25679307686064 -1
-0.33043390156899 -0.77630603162748 -1
0.20935489022111 -0.44463336048121 -1
0.55590021431698 0.32963967277535 -1
-0.12505328342416 0.17396929599306 -1
0.34716167597591 0.7825175947986 -1
0.10696953313636 0.3060643695402 -1
-0.13847689668572 -0.41628234626047 -1
-0.21924404094107 0.43424541682715 -1
0.76726050897907 -0.66312215685033 -1
-0.6436498148633 -0.54495052362521 -1
-0.21253062332844 -0.19276547786643 -1
-0.59053269393057 -0.9645268239008 -1
-0.022656676979003 0.46687916019927 -1
-0.55516834922934 0.40793135270767 -1
-0.55476054457295 0.14231576988267 -1
-0.79026628317313 -0.31073087043868 -1
-0.23596967294579 0.61941575434645 -1
0.63180524900098 0.013024508984792 -1
-0.039900159964954 0.70693977868903 -1
-0.51075642500251 -0.93337203108488 -1
-0.92072752173155 -0.41079685264359 -1
0.46534339601477 -0.55977095645442 -1
0.28637180647925 -0.073269767266876 -1
-0.34873598340121 -0.50929968164209 -1
-0.96006730818426 -0.78095627126957 -1
0.75742044433891 0.51727667623988 -1
0.87774126658147 0.23712880827664 -1
-0.40894400704124 0.54959557141793 -1
0.62109716169205 -0.20201521966008 -1
0.17036237053696 -0.46098577656809 -1
-0.27257606584085 -0.60565901532405 -1
-0.60365880215617 0.38688068334938 -1
0.95543182799839 -0.33230289716361 -1
0.85288683092798 -0.45571472567366 -1
0.16468647694013 -0.83730427038088 -1
0.49251898239443 0.31400567582928 1
-0.30059267571309 -0.66518539582755 -1
0.18316879440137 -0.0010730344111279 -1
-0.96622698133658 -0.32509857930062 -1
0.63000227276126 -0.19607530486012 -1
0.2599242921434 -0.85243597890441 -1
-0.038425600666395 -0.71069867233046 -1
0.17176800139913 0.61027336655505 -1
0.17154295994879 -0.79416149028593 -1
0.6520170141834 0.72919409113569 -1
0.33851994202068 -0.60794037608802 -1
0.087778184968414 0.79157481163988 -1
-0.27117948001944 0.034610242140613 -1
0.49392862266044 -0.44877058152703 -1
0.8408891389082 0.96226652352881 -1
-0.13702816210955 -0.20925067940452 -1
0.30400632270284 -0.93303403280527 -1
0.73129170528339 0.080834413094306 -1
-0.85074257115028 0.42689473659298 -1
0.54536530248718 0.40852807347982 1
-0.18347705039562 -0.47623030945803 -1
-0.14524731695846 0.91015850727885 -1
0.67947494594724 -0.69829481717824 -1
-0.53179224002602 0.19119003318121 -1
0.9608297800336 0.30473083507792 -1
-0.9185423633576 -0.82767842715467 -1
0.18218997220815 -0.6852115686101 -1
-0.83637406039206 0.39854341834811 -1
0.70037959813668 0.13733925204407 1
-0.49257028035094 -0.51466061555098 -1
0.33565756861778 0.56783240678551 -1
0.67734007221975 -0.073215304781724 -1
0.27286046535655 -0.27586803363141 -1
-0.21942224889636 0.40728113977078 -1
-0.31918602270015 0.89439694471423 -1
-0.31309705989229 0.87278998316279 -1
0.31331873300286 0.58114899658795 -1
-0.16578926524192 0.81525192413597 -1
0.34223312319951 0.83527148448415 -1
0.57256857198353 -0.23859954961793 -1
-0.34452425192573 0.64321226185073 -1
0.38536315084258 -0.15553802901664 -1
-0.88046821180361 0.77711189933149 -1
-0.79394277192905 0.94602379092 -1
-0.15348999201125 -0.8181879479779 -1
0.84068726513363 -0.94329130901973 -1
0.98005419372714 -0.76801968970982 -1
-0.28820485653169 -0.63732797917037 -1
-0.23253949649286 0.63418251558068 -1
0.029737571704121 -0.94376313566652 -1
-0.5854205513501 0.0931647401299 -1
-0.40777084999291 0.35044903524495 -1
0.9749181693716 0.80435120055278 -1
0.77716393908522 -0.090230808202704 -1
0.8715065722621 0.24269112190448 -1
0.33936428267677 0.76966316494462 -1
0.22925309385034 -0.6913108444061 -1
0.80009748885282 0.78167492329031 -1
0.083584859215022 0.55536471771504 -1
-0.91143746573368 -0.37709177821007 -1
-0.638741629576 0.93073848437712 -1
0.071641902438627 0.44779391581506 -1
-0.9507210034619 0.68732837875309 -1
-0.82024655676857 -0.89173038887585 -1
0.14712008406635 0.22770998802251 -1
0.52893615899212 -0.55258747832816 -1
0.67005281764792 -0.79478249362221 -1
0.66841376237346 -0.64998660514663 -1
0.85382851540723 -0.34440531180355 -1
0.94744001903749 -0.90387289664358 -1
0.64062965565896 0.83441741844409 -1
0.79200402338608 0.9233502247853 -1
0.62679470645172 -0.87727481834801 -1
0.01677624454022 0.82609404573759 -1
-0.56717458994015 0.13389324844375 -1
0.14422586814364 0.77552301670826 -1
-0.73338160872005 0.4662121894292 -1
0.096868664189149 0.52180475690338 -1
0.75813577557527 -0.20668460360423 -1
0.24688280075645 0.46901527566852 -1
0.5000705400046 0.46227620476483 1
-0.59631206175223 -0.77142491384904 -1
-0.46633427667753 0.49975445294681 -1
-0.81356668841279 -0.84426071598467 -1
0.97546853468121 0.53306566462512 -1
0.90421324340826 -0.78575548891436 -1
0.18801683068597 0.053724566369734 -1
0.61088202950743 -0.2550969241164 -1
-0.23578111854172 -0.97360738483734 -1
0.54699924337249 -0.96909624192435 -1
-0.12425334854073 0.48762532997062 -1
-0.46107264860546 -0.41509220890837 -1
0.24462342906493 -0.0070726852550745 -1
0.20671366032519 0.40350953469659 -1
-0.16322932707268 0.39706205614284 -1
-0.55413981703719 0.33719284614091 -1
-0.10830852238502 0.20125005155329 -1
-0.050381715223141 -0.24624591896049 -1
-0.39520775556778 0.81190255079008 -1
-0.46290121784148 -0.26399467384649 -1
-0.34312855073594 0.72851516455534 -1
0.71274607884791 -0.19372372173536 -1
-0.16990512725946 -0.55556930970791 -1
0.89800535620202 0.86924472139537 -1
-0.5159402549368 0.00816578473448 -1
0.12485068484911 -0.90311239710746 -1
0.30614788326071 0.36621111563863 -1
0.74064433574955 -0.93950018918961 -1
0.17162409172527 0.22973841088564 -1
0.55703035229636 0.97333290436802 -1
-0.91689855100813 0.17365773694072 -1
-0.82814361236653 0.69801145857366 -1
-0.2407078714971 -0.65058316851632 -1
-0.77433298307761 0.95817173551599 -1
-0.23110581107247 0.2234583284548 -1
0.62366097775597 0.6450661773766 -1
0.2292126420132 0.81127827188172 -1
-0.90046112713609 -0.0086511835729281 -1
-0.28198134479637 0.7300302889841 -1
0.90608066718165 0.019263972825429 -1
-0.65176492278516 0.73886613317965 -1
-0.046323993970046 -0.63071304918514 -1
-0.49967478221151 0.49101812398518 -1
-0.29730199928858 -0.39618888684992 -1
-0.62331859663183 0.54053799790684 -1
0.79455137032236 -0.51244101229255 -1
0.080491603203842 -0.038968755592254 -1
0.70300517585181 -0.50832762967218 -1
-0.0072313444720212 -0.33661078659457 -1
-0.16575288412005 -0.60216108984049 -1
-0.047405147125493 0.75952908975988 -1
0.07461855901911 0.29442980362566 -1
0.71971315479088 -0.43438183550432 -1
-0.65187349732905 0.629322535024 -1
-0.77989446329595 0.68366541671442 -1
-0.84693760442799 -0.94686442346234 -1
-0.69484143323892 0.34967374973972 -1
-0.86356249330384 -0.83866007772138 -1
-0.36096533982184 -0.58372183598728 -1
0.10653817911765 0.28526268785383 -1
0.32384687619234 -1.8870321020614e-05 -1
-0.25719640743917 -0.90044099966918 -1
-0.48701549077852 0.67364440269496 -1
0.75824365713054 0.52891098142981 -1
0.70827623246054 -0.77104928334992 -1
-0.99975643464261 -0.44638793268172 -1
-0.60199882134534 -0.90962244170139 -1
0.47915594079984 0.38951699356937 1
0.17900678637049 -0.20426699937521 -1
0.74882497722429 0.033164115339765 -1
0.7935875158155 -0.60037862806341 -1
-0.19710980728564 -0.98636110464409 -1
0.14219578681362 -0.75046805642915 -1
-0.57889934679629 0.2161426443307 -1
-0.36714888318574 -0.85645768747231 -1
-0.46897248150177 -0.90885212708165 -1
-0.46479622380946 -0.11589175260743 -1
-0.50676805627755 0.49647506243759 -1
-0.74382210301885 -0.46579042933974 -1
0.25796276038347 -0.081694655936379 -1
0.73634772806755 0.12413928319948 1
0.05249124948844 0.098112145509984 -1
0.0037504082093582 -0.3548963634513 -1
-0.96209262670181 0.080446213433751 -1
0.2473869969788 0.56233958143115 -1
-0.68502138963163 0.033965233703428 -1
-0.11081495857662 0.5239420431541 -1
0.15235176946575 0.43015428481223 -1
-0.20114707960048 0.79337697551887 -1
0.82416367471484 0.82909198533031 -1
0.86650673840727 -0.50182917702824 -1
0.12701837029296 0.96314698159644 -1
0.20926324945006 -0.49413616216869 -1
0.068143915366855 -0.40015946759474 -1
0.68246671608619 0.73419250412744 -1
-0.97122009111643 0.28315151196238 -1
-0.092424728821428 0.92369715364003 -1
-0.31903186414567 0.86426811860294 -1
-0.12074781120491 -0.93577304914585 -1
0.27453374574376 0.36266503697535 -1
0.65042090460478 -0.58082846219611 -1
0.68391042397564 -0.74805088023126 -1
0.2368097700036 -0.88195669035417 -1
-0.38234291715119 0.42615052924155 -1
0.68013358955793 -0.30412658405047 -1
0.060898432442563 0.082518562438956 -1
0.042547294905067 -0.29648807498308 -1
0.73767437652834 -0.47577183820411 -1
0.68139346936677 0.26163353102662 -1
0.49474856746083 0.7107142523418 -1
-0.2717196174106 0.56167409537424 -1
0.30989393277649 0.5522618476654 -1
0.3977968687489 0.11766591376015 -1
0.55207799306712 -0.9209586676404 -1
-0.052198183238192 -0.46762898510378 -1
0.57851695763605 0.63657176054249 -1
-0.75323398457271 0.59254770774441 -1
0.21644769105158 0.24557736887825 -1
0.13962259108182 -0.47098709432264 -1
-0.5526086242561 0.5357945034688 -1
0.47955950481183 -0.70173734303408 -1
-0.27432002822571 -0.88330153546473 -1
0.38682496846333 -0.54237715297892 -1
0.85999040684869 0.17169184230881 -1
-0.59719129936722 -0.11789939036555 -1
-0.31303305367176 0.53135426657494 -1
0.75785793131513 0.83815050760861 -1
-0.40178103565967 0.65109472263181 -1
0.88186554224083 -0.42129724920135 -1
-0.85259503954371 0.090929761428296 -1
-0.71709974303398 0.95021419432211 -1
-0.10179417395236 0.61787145695142 -1
-0.5150024382478 -0.3618823198276 -1
-0.74866868034983 -0.48959434138842 -1
0.38330885123641 0.46659915257382 -1
-0.9075541848401 -0.15605422017944 -1
-0.0037222410088308 0.95093966424347 -1
0.012617517642583 0.49529207161223 -1
0.31187274203857 0.9296477138591 -1
-0.35842708714728 -0.3317948656773 -1
0.94605095124414 0.88810971134798 -1
-0.54340489315664 -0.54624820999564 -1
-0.90933492087954 0.87715466549862 -1
-0.7827268731579 0.90288122615736 -1
-0.1227631439198 0.59610351784581 -1
0.48391739662573 -0.25867452664993 -1
-0.58939902979398 0.22168464184588 -1
-0.93049871862629 -0.95528452927934 -1
0.91627599998476 -0.16491522594937 -1
0.26328080352892 0.98738875776358 -1
-0.5307585854176 -0.20701092725702 -1
0.74547699600919 -0.80377271281901 -1
-0.29241371666872 0.52434615707184 -1
-0.016039530785421 -0.14778624576281 -1
-0.50157330781637 -0.010668586486277 -1
0.62515768779863 0.99137536897823 -1
0.037235181428645 -0.50421519705168 -1
0.093955797157576 0.11773916300689 -1
-0.59394984544788 0.72194526958687 -1
0.61128329293709 0.97999641557561 -1
0.35665697332506 0.88976413015584 -1
-0.7598759190239 0.87324194596621 -1
0.23108679748732 0.26533863145124 -1
0.083809960552028 -0.67907257995666 -1
-0.23514702311331 0.93813466006296 -1
-0.97202173390514 0.49157998438232 -1
0.53433880934589 -0.7705669017947 -1
0.40322686788439 0.12993030941931 1
-0.93310996217731 -0.25116299618714 -1
0.018975900693079 -0.4334817100872 -1
-0.28547694064814 0.95890222805594 -1
-0.19638956424447 0.017899929645429 -1
-0.9908121212352 -0.30089140142657 -1
0.62576391154705 -0.21295923901163 -1
-0.068664667040683 -0.99195144889202 -1
-0.64919149810119 0.17382991719919 -1
-0.24425453462046 -0.57685084578672 -1
0.2556980317414 -0.96728130848572 -1
-0.62600312320714 0.35886560191968 -1
0.18440423899002 0.92834633522949 -1
-0.45026371037222 0.82946065277214 -1
0.34295099494697 -0.75850188835729 -1
-0.047308790051234 -0.49789033610448 -1
0.91568183402138 0.56407753376116 -1
0.39087028622841 -0.6099455899497 -1
0.54620711909289 -0.63501544421583 -1
-0.031184984171817 0.8922295477255 -1
-0.073738064779128 0.15422153892293 -1
0.18182922026266 -0.79997160014669 -1
0.024090442313744 0.02851176087389 -1
0.019115917129595 -0.53553109941664 -1
-0.029260874823209 -0.72118351768858 -1
-0.89996772284504 0.7689793159519 -1
-0.57607112332965 -0.13022840063394 -1
0.32328216806199 0.72878274044644 -1
-0.53105633021791 0.50666936571482 -1
0.081484970639874 -0.97332308795369 -1
-0.34325787811863 -0.1839666288092 -1
0.52919508208693 -0.53064299742642 -1
-0.95610537235995 0.35893285116369 -1
0.50152700063624 0.10064849378422 1
0.47987657374145 -0.25550355424382 -1
-0.2084270161157 -0.042185443834152 -1
-0.40539534599884 0.38622246426178 -1
0.38087905861291 -0.75279825431226 -1
-0.50792144696136 0.70419529932746 -1
-0.82997854509626 -0.68083288731738 -1
0.91826538673932 -0.70443952414646 -1
-0.99538960627945 -0.76944512223334 -1
-0.68420130913104 0.32353500709872 -1
0.96872245712713 -0.64774394681775 -1
-0.79786612629252 -0.84886707171957 -1
-0.2927768641051 -0.40107204247802 -1
0.69413883440529 -0.42853691238478 -1
0.58183571242627 0.55817941789549 -1
-0.57349388212331 -0.33237185055015 -1
0.92232199875158 -0.084959050651541 -1
-0.26196915576887 0.12857625094677 -1
-0.92360771899447 0.31898589761903 -1
0.54764279497521 0.49326764342435 1
-0.18277330016583 0.92919703359917 -1
-0.62631222823528 0.77080456639099 -1
-0.67488614090083 -0.056957450958711 -1
0.92144744398457 0.19003525307459 -1
0.23689776060504 0.58827620627481 -1
0.3183947679388 0.33236706396535 -1
-0.68499786470662 0.16156797584147 -1
0.64369252874448 -0.65654704508389 -1
-0.95198608909411 -0.88466049789399 -1
-0.47388974643152 -0.85533458411921 -1
0.98602697029936 0.17453490596018 -1
0.42080311786657 -0.039845784692522 -1
0.8356620775133 0.64784607621669 -1
-0.0020838359384786 -0.66751490254558 -1
0.29781528622308 -0.34166308332841 -1
0.56776747797333 -0.36874002336824 -1
0.047243517107178 -0.49856555540928 -1
-0.52455139713899 -0.47565285882953 -1
-0.20708925411493 0.0076562062962619 -1
-0.33445951923771 0.022141083997721 -1
-0.1515927837979 0.72642331574969 -1
0.18704614079534 0.56862881918286 -1
-0.18220536594328 0.29801056874723 -1
-0.45682293373011 0.76400154947621 -1
-0.69887886093999 0.23817633813907 -1
0.18146494105635 -0.9294894806155 -1
-0.54755637536195 -0.69242784927212 -1
-0.065481745565399 -0.90374918704973 -1
0.7405778084251 0.86652945665409 -1
-0.78413996907907 -0.95888670154403 -1
0.36881967401629 0.21278804189532 -1
0.86502020930845 -0.091436825297679 -1
0.11058469226729 -0.51315749813001 -1
-0.46738595035066 0.61405742948847 -1
0.42618431673205 0.76567154936443 -1
0.086653330652463 0.55395994579191 -1
-0.65607820237317 -0.66512788139421 -1
0.71098772962598 0.40189897000621 1
-0.18921120101658 0.54527134518925 -1
-0.95066746341952 0.0021625264776183 -1
-0.94162420615208 0.18113282091935 -1
0.4562370366965 -0.2293592225264 -1
-0.068240221500164 0.6227124312788 -1
0.89269505773116 0.3867634985922 -1
-0.89262695399606 0.41319477308873 -1
0.70735172548407 -0.89608305792712 -1
-0.0049827144689855 -0.50811027363504 -1
0.13065852138815 0.83423476448643 -1
0.52278092470549 -0.048986088897624 -1
0.84100148309441 -0.71906423494885 -1
-0.094478557426729 0.43585727831233 -1
-0.33508869727839 0.23382316587686 -1
-0.33793727313557 0.46196534100784 -1
0.44539377038081 -0.9302238119628 -1
0.94677454442439 0.33703366200194 -1
0.41996019283258 0.2116498748811 1
0.22163372061518 -0.96158516529218 -1
-0.43838656126209 0.67380761216647 -1
-0.35732176565163 -0.77682177206164 -1
0.54144456257044 -0.13300507280682 -1
-0.60649454049762 -0.8186343520225 -1
-0.67974138989323 -0.64033776862313 -1
0.15952640804829 -0.10261317490312 -1
0.77260695612223 0.96949462245558 -1
-0.40760979738873 0.87952477648402 -1
0.67323295317447 -0.53706057127354 -1
-0.053103510074731 0.11043929089358 -1
0.069222852368759 0.85579199209836 -1
0.65523378183813 -0.078825453772617 -1
0.47404996571831 -0.46488466792426 -1
0.4969654194215 -0.74605052704743 -1
0.57810331428796 -0.52505555399393 -1
0.81803284036196 -0.31095233074245 -1
-0.39199734151969 -0.48375338147424 -1
-0.055410351598446 -0.92518302127536 -1
-0.2449238121474 -0.54345125517034 -1
0.52418819502577 0.42558120252008 1
0.97019381396133 -0.62368967116252 -1
0.13040640205407 -0.84207197183209 -1
-0.39614425784655 0.58882173356019 -1
-0.26916348207951 -0.28277560865781 -1
-0.19835720063475 -0.90893046848708 -1
0.65601591518135 -0.8804932592935 -1
-0.24966343433309 -0.59168123255704 -1
-0.29957757619168 0.43246237559233 -1
0.36462463864737 0.71112232745106 -1
-0.697361711967 0.57258671514752 -1
0.66999753082977 -0.21434329029617 -1
0.35444381733965 -0.79137028256192 -1
0.88706369260592 -0.31670442503143 -1
-0.61332257930527 -0.18425038122504 -1
0.97232201528534 0.85264193619832 -1
0.21242007983682 0.57590917698902 -1
0.16118561274979 -0.040567348311786 -1
-0.49333255643505 -0.68103290332754 -1
0.57203728135658 -0.54766139901829 -1
-0.99202212619303 0.19787005059726 -1
0.38767211979801 -0.77151273210396 -1
0.66538277778414 -0.2863652540149 -1
-0.36192781365629 -0.8150157236037 -1
0.89246847360745 0.40844209531257 -1
-0.54798572830306 0.92033380124896 -1
-0.89148374021312 -0.8610880184772 -1
-0.97282604768762 0.33155997092115 -1
-0.72012530554299 -0.93266826045413 -1
-0.86576409049777 -0.034493791053679 -1
0.85682367299739 0.31801153824568 -1
-0.29877318064624 0.16006481250111 -1
0.71632648621739 -0.90644897814717 -1
0.32281768469798 -0.61044945516813 -1
0.2580944292762 -0.28024163601126 -1
-0.15782331139108 -0.98429063174819 -1
-0.23122769162864 0.069241607460296 -1
-0.96350245990128 0.63130178875966 -1
0.50649741148386 -0.87567145705001 -1
-0.9977164930875 0.53101595583549 -1
-0.37179878390929 -0.20854434079027 -1
0.2713933479306 0.33422988278098 -1
0.5064842413352 -0.32915037878875 -1
0.3875156596412 -0.027072474635232 -1
-0.7731899298626 0.23121320886563 -1
-0.34277115702014 0.76412942553053 -1
-0.053305467427471 -0.95866079220175 -1
0.84165633735982 -0.026392945895551 -1
-0.87713964325275 -0.62246060438275 -1
-0.8528948502855 0.23744069013363 -1
0.73697327993877 0.59088059008579 -1
0.81815268229038 -0.30156298547625 -1
0.85441848788757 -0.53253760429546 -1
-0.35367138508545 -0.67652173356639 -1
-0.63552621104302 -0.88173457894745 -1
-0.27337908231641 0.6135590653363 -1
-0.69592661350253 -0.06661365410796 -1
-0.55829632718024 0.50593108993909 -1
0.50548507545289 -0.21442095505415 -1
0.38618147131737 -0.078909791418718 -1
-0.39711656678053 0.048243838226767 -1
0.58441305463696 -0.40481286873695 -1
0.78004994908574 -0.36203928891814 -1
-0.56772196464611 0.83393197287943 -1
-0.26355712001708 0.79127856761273 -1
-0.0015235015799108 -0.61715142846514 -1
-0.53708684965593 -0.64951298027019 -1
0.8580341000502 -0.86088601117844 -1
-0.47859925111012 -0.56620546104056 -1
-0.27841128368866 0.15854356061251 -1
-0.75120475329035 -0.63845256825962 -1
-0.93962197643462 -0.32596974666916 -1
-0.48828685469463 -0.19945354942442 -1
-0.97380875409777 -0.42934416010781 -1
0.33457286148235 -0.035431002972976 -1
0.5513261268871 0.061215617828335 -1
-0.016155920235893 -0.53534084877932 -1
-0.15512491475751 0.98654145429696 -1
0.06508492030255 -0.70780922445308 -1
-0.21065608376175 -0.82786236432384 -1
-0.31130370444241 0.63284355008242 -1
-0.92593565379647 -0.43949885335687 -1
0.24933223413491 0.44690783981695 -1
0.67332093251721 -0.6860503936043 -1
-0.18007024843158 -0.83420871322466 -1
-0.64271335161301 -0.71295135838944 -1
-0.60600691596237 -0.55368595885752 -1
-0.49885505506095 0.61027982456421 -1
0.94701771748853 -0.22340523832354 -1
-0.66457076216773 -0.01062373914201 -1
0.71631705724012 0.0086043918867478 -1
-0.61753463069173 0.28040974690099 -1
-0.025091025286791 -0.99618446119669 -1
0.7724425635686 0.21124763975239 1
-0.36328120586331 -0.13068336105498 -1
0.77155394696072 0.61466963970516 -1
